values:Date,close,high,low,open,volume
20140602,552.4133,559.3643,544.2358,559.1649,1435000
20140603,543.4480,550.8278,541.0645,549.4814,1866600
20140604,543.1687,547.1079,537.2749,540.0174,1816500
20140605,552.3835,553.4305,542.9593,544.9040,1689100
20140606,554.8068,556.5320,547.4270,556.5320,1736800
20140609,560.5809,561.3588,554.5176,555.6246,1467500
20140610,559.0152,562.0568,556.3725,558.9753,1351700
20140611,557.3099,558.3470,553.5004,556.4722,1100100
20140612,549.8404,556.4622,546.9584,555.7741,1458500
20140613,550.2493,550.7878,544.0663,550.7479,1220500
20140616,542.7898,548.1151,540.0374,547.7562,1702600
20140617,541.5233,543.8269,537.8533,542.7100,1444600
20140618,551.8549,552.0444,542.5106,543.3682,1741800
20140619,553.3807,553.4804,547.0082,552.7225,2456800
20140620,554.8367,556.0533,548.8851,555.3253,4508300
20140623,563.4032,563.4531,552.7325,553.6300,1536800
20140624,563.0741,571.0781,559.4740,563.6425,2207100
20140625,577.0657,578.3721,563.6724,563.7123,1969400
20140626,574.4229,580.8553,570.2842,579.4092,1742000
20140627,575.6595,578.2823,572.2289,575.5997,2236900
20140630,573.7049,577.9832,573.1763,577.0756,1313800
20140701,581.0746,582.7999,575.0712,576.7366,1448000
20140702,580.7406,583.8371,578.8009,581.7527,1056400
20140703,583.1290,583.4083,579.3294,581.7527,714200
20140707,580.6558,584.8243,578.0031,582.1617,1064600
20140708,569.5264,577.9413,564.5850,576.0784,1909500
20140709,574.5027,575.1409,567.8170,570.0150,1116800
20140710,569.5363,575.0114,563.4630,564.3605,1356700
20140711,577.5942,579.2596,569.8555,570.3441,1621700
20140714,583.2686,583.6077,576.4474,581.0048,1854100
20140715,583.1789,584.2010,574.9814,584.1362,1623000
20140716,581.0646,586.7890,580.6060,586.3901,1397100
20140717,572.1591,579.3992,567.0532,577.9433,3016600
20140718,593.4507,595.1660,580.4065,591.3764,4014200
20140721,587.8560,592.7726,583.6306,590.1298,2062100
20140722,593.1116,598.0082,588.9829,589.1026,1699200
20140723,594.3482,596.2131,590.8777,591.6057,1233200
20140724,591.7254,597.8586,590.1498,594.8170,1035100
20140725,587.4073,590.2395,585.4227,588.7835,932500
20140728,588.9829,590.8777,583.1520,586.4599,986800
20140729,584.0066,588.0854,581.9174,587.1380,1349900
20140730,585.8116,587.8860,582.4010,584.9440,1016500
20140731,570.0349,582.0520,568.4393,579.0103,2102800
20140801,564.5201,574.3831,561.3089,568.8383,1955300
20140804,571.5807,573.7747,562.5555,567.4819,1427300
20140805,563.5229,570.4139,561.0696,568.4892,1551200
20140806,564.8233,569.1375,558.4667,560.2419,1334400
20140807,561.8175,568.3297,559.5637,566.4448,1110900
20140808,567.2128,568.6887,558.8157,562.0170,1494800
20140811,566.3251,568.9280,564.4503,568.4294,1214700
20140812,561.1893,564.3506,559.3444,562.9744,1542000
20140813,573.2063,573.4257,564.2010,565.7567,1441800
20140814,573.0767,576.3177,569.3170,574.6024,985500
20140815,571.9098,577.7936,568.9579,576.2778,1519200
20140818,580.5660,582.9096,574.4229,574.5326,1284100
20140819,585.2532,585.7319,582.4010,583.3983,978700
20140820,582.8896,585.0936,580.9749,584.2759,1036700
20140821,581.7728,582.8997,579.5489,582.2215,914800
20140822,580.9650,583.6337,579.0502,581.9922,789100
20140825,578.6115,583.3983,577.4147,583.1190,1361400
20140826,576.2778,580.2070,575.0013,579.6685,1639700
20140827,569.4366,576.9061,568.5421,575.6895,1703400
20140828,567.6415,571.6804,565.5472,568.0005,1292900
20140829,570.0349,570.4738,565.5164,569.7657,1083800
20140902,575.7493,576.2479,569.6261,570.2842,1578400
20140903,576.3576,581.3938,573.4257,578.4120,1215100
20140904,580.3865,584.3956,577.6341,578.4120,1458200
20140905,584.4753,584.9440,580.3566,582.3810,1632400
20140908,588.1053,590.1498,584.6947,584.9939,1431000
20140909,579.4192,587.3873,578.4120,587.2877,1287200
20140910,581.5035,581.9024,575.3604,579.9078,977400
20140911,579.7582,580.2170,574.6822,578.7710,1221000
20140912,574.0439,580.0475,572.8871,579.4092,1601700
20140915,571.5308,573.3758,566.6543,571.3713,1597600
20140916,578.3621,579.9078,571.0920,571.1918,1480400
20140917,583.1689,585.9114,577.1904,578.4219,1692800
20140918,587.6566,587.9258,583.3983,585.3928,1444600
20140919,594.4479,594.8468,587.8860,589.8805,3736600
20140922,585.7618,592.3228,581.8625,592.1942,1689500
20140923,579.5389,585.2432,579.4092,585.2432,1471400
20140924,586.3801,588.0156,578.9305,579.8680,1728100
20140925,573.4855,586.3701,572.6079,585.9413,1926000
20140926,575.5199,577.6640,573.0865,574.4828,1443700
20140929,574.7819,576.6069,569.6061,570.1846,1282400
20140930,575.7792,578.2624,571.2815,575.3503,1621700
20141001,566.7141,575.9986,565.4575,574.4329,1445500
20141002,568.5192,570.3441,561.7776,565.7567,1178400
20141003,573.7049,575.6445,570.9325,571.4810,1141700
20141006,575.7692,579.4092,572.8672,577.2152,1214600
20141007,562.1965,573.6949,562.1965,572.8273,1911300
20141008,570.9325,572.3087,555.9636,564.0215,1990900
20141009,559.3444,569.9252,557.5293,569.6161,2524800
20141010,542.9992,563.5827,542.5604,556.1929,3081900
20141013,531.7501,547.9955,531.6404,543.4978,2581700
20141014,536.4671,545.6918,531.7101,537.4245,2222600
20141015,528.5788,531.3412,516.8809,529.5561,3719400
20141016,523.0739,527.9804,513.5900,517.5790,3708600
20141017,509.7704,529.5262,507.1377,525.8064,5539400
20141020,519.4140,520.3314,506.7088,508.0551,2607500
20141021,525.0983,525.3477,517.6887,523.7520,2336300
20141022,531.2515,538.3220,527.3521,528.4392,2919300
20141023,542.4905,545.7217,534.3828,537.8434,2348800
20141024,538.3021,543.3881,534.3230,542.8696,1973100
20141027,539.2894,542.9194,535.5596,535.5596,1185300
20141028,547.3972,547.4769,540.1370,541.5133,1271000
20141029,547.8260,552.6727,545.4824,548.4941,1770500
20141030,548.8033,551.2864,542.0219,547.4470,1455500
20141031,557.5493,558.0379,553.2311,557.8185,2035100
20141103,553.6998,556.3725,551.7153,553.9791,1382300
20141104,552.5928,553.9791,547.7960,551.4859,1244200
20141105,544.4252,555.2755,542.5604,555.2755,2032300
20141106,540.5559,545.3876,539.4888,544.0064,1333300
20141107,539.5287,544.7145,537.1951,544.7145,1633800
20141110,545.9910,548.0853,539.5387,539.9775,1134600
20141111,548.7833,550.4288,544.8043,546.9882,965500
20141112,545.8115,548.9529,543.6773,548.8831,1129400
20141113,543.8868,548.2946,541.9919,548.2946,1339400
20141114,542.9095,545.1832,540.6656,545.1832,1289200
20141117,535.0411,542.3011,532.5987,542.0917,1725800
20141118,533.5651,540.4562,532.7075,536.0283,1962700
20141119,535.5197,536.7663,528.6287,533.5352,1391600
20141120,533.3657,533.6448,529.6259,529.7955,1562000
20141121,536.0283,540.6556,535.0909,540.1271,2223700
20141124,537.7935,541.2141,534.1535,536.1780,1706000
20141125,539.5986,542.4905,537.1273,537.5242,1789100
20141126,538.8904,540.0672,535.5716,539.3991,1523000
20141128,540.3465,540.5160,535.1308,539.1398,1148300
20141201,532.3384,539.9276,530.4037,537.4245,2115400
20141202,532.2886,534.0338,528.3494,532.0493,1525800
20141203,529.8652,534.5284,527.8109,529.9849,1278000
20141204,535.8389,535.8688,527.1428,529.7057,1392100
20141205,523.8218,531.4310,522.8445,529.5461,2565600
20141208,525.5371,529.5461,522.3558,525.6867,2329400
20141209,531.9097,532.7274,519.0749,520.7104,1871300
20141210,524.6196,534.8616,524.1210,531.6204,1712300
20141211,526.8934,532.4581,525.6568,526.3549,1610800
20141212,517.2399,527.0530,517.2399,522.0767,1994600
20141215,512.3932,521.6677,511.8647,521.3087,2813400
20141216,494.0337,511.6453,487.6611,510.1594,3964300
20141217,503.5076,505.6118,495.4497,495.6392,2883200
20141218,509.7006,512.4630,503.3181,511.5456,2926700
20141219,514.9362,516.3025,505.5231,510.1095,3690200
20141222,523.4329,525.0186,514.6670,514.6670,2723800
20141223,529.1373,533.0964,524.8490,525.5571,2197600
20141224,527.3223,530.3030,525.5770,529.0575,705900
20141226,532.5679,532.7872,525.8662,527.3223,1036000
20141229,528.8780,534.0139,528.5598,530.7329,2278500
20141230,528.9677,529.6957,525.6867,526.6441,876300
20141231,524.9587,531.1417,524.3604,529.7955,1368200
20150102,523.3731,529.8154,522.6650,527.5616,1447600
20150105,512.4630,522.8944,511.6552,521.8273,2059800
20150106,500.5856,514.7617,499.6781,513.5900,2899900
20150107,499.7280,505.8552,498.2820,505.6118,2065100
20150108,501.3036,502.1015,489.6556,496.6265,3353600
20150109,494.8115,503.5375,493.4353,503.3780,2069400
20150112,491.2014,494.6180,486.2251,493.5849,2322400
20150113,494.8215,501.6029,491.0419,497.4742,2370500
20150114,499.4986,501.8522,491.6502,493.2957,2235700
20150115,500.4161,504.2954,496.3972,504.1858,2715800
20150116,506.6889,506.7986,498.6310,498.6410,2298300
20150120,505.5121,511.0968,504.6305,509.6009,2227900
20150121,516.6216,517.8583,504.8141,505.8611,2268700
20150122,532.9269,534.8616,518.2771,520.0522,2676900
20150123,538.4716,540.6855,531.5406,534.1236,2281700
20150126,533.7446,537.5242,528.2198,537.0555,1543700
20150127,517.2100,529.2469,516.7712,528.5189,1904000
20150128,508.6036,521.5580,508.6036,521.3487,1683800
20150129,509.2618,509.6906,499.8277,509.6009,4186400
20150130,533.0565,538.3918,514.1085,514.4476,5606400
20150202,527.0330,531.5406,517.1302,530.2741,2849800
20150203,527.7910,531.9396,521.8273,526.5543,2038700
20150204,521.3287,531.2136,519.8428,527.7910,1663700
20150205,526.1355,527.0530,520.6605,522.3558,1849800
20150206,529.5461,535.7292,524.9687,526.1954,1749400
20150209,526.3848,530.5434,524.5798,526.5543,1267800
20150210,535.4698,536.2278,525.4773,527.8508,1749900
20150211,534.5025,536.9758,531.9176,533.8344,1377800
20150212,541.4435,543.3283,533.2090,535.7790,1620200
20150213,547.5068,548.4044,541.6429,541.8623,1900300
20150217,541.3538,548.4941,539.6085,545.3328,1616800
20150218,538.2223,543.9965,536.0383,539.9177,1453100
20150219,541.3836,541.6230,536.5369,536.5668,989100
20150220,537.4744,542.2612,534.3330,541.6429,1444400
20150223,530.4536,534.9703,527.9604,534.5823,1457900
20150224,534.6222,535.3203,526.8036,528.5489,1005100
20150225,542.3809,544.7244,533.9789,534.4327,1826000
20150226,553.9591,554.6173,540.0174,541.7227,2311500
20150227,556.8712,563.1639,551.3862,552.7225,2410200
20150302,569.7757,570.5835,557.2202,558.9953,2129600
20150303,572.0694,573.8146,564.9689,568.8881,1704800
20150304,571.8001,575.5298,566.4548,570.3042,1876800
20150305,573.7548,576.3277,571.8400,573.4456,1389600
20150306,566.1307,575.1011,565.2083,573.3060,1659100
20150309,567.2925,568.7086,561.9920,565.3079,1062100
20150310,553.4904,563.3034,553.2111,562.7051,1792300
20150311,549.6709,556.6118,549.1722,553.6201,1820800
20150312,553.9890,554.8467,548.9529,551.9945,1389600
20150313,545.8215,556.8712,542.7299,551.9846,1703600
20150316,552.9918,555.3253,544.5051,549.4415,1641000
20150317,549.3318,552.2837,546.4996,550.1995,1805500
20150318,557.9681,558.2474,545.5023,550.9872,2134500
20150319,556.4622,559.2645,554.6223,557.8584,1197300
20150320,558.8257,560.1820,557.5193,560.1122,2616900
20150323,557.2800,560.8203,554.3082,558.8956,1643800
20150324,568.6288,573.0168,559.6735,561.0197,2583300
20150325,557.2550,570.6932,557.2101,568.9380,2152300
20150326,553.6500,557.3698,549.1423,556.0634,1572600
20150327,546.8387,553.7597,546.6292,551.4859,1897500
20150330,550.5186,551.9546,546.6691,550.1097,1287500
20150331,546.4996,553.1912,545.2231,548.4941,1588000
20150401,541.0745,549.6310,538.0229,547.0979,1963100
20150402,534.0638,539.3691,532.3853,539.3691,1716400
20150406,535.2953,536.9358,528.1201,530.7628,1324400
20150407,535.5497,541.2041,534.5324,536.6068,1302900
20150408,540.1271,542.3609,536.9059,536.9059,1178500
20150409,539.2994,540.4662,534.0238,539.5487,1557900
20150410,538.5315,540.8052,535.8389,540.8052,1409500
20150413,537.6937,542.5704,535.8389,536.9358,1645300
20150414,528.9378,536.0981,526.6461,534.7817,2604100
20150415,531.0720,533.2659,521.7874,527.2524,2318800
20150416,532.3384,534.1236,528.1599,528.4492,1299900
20150417,522.6152,528.3893,519.5835,527.2125,2144100
20150420,533.9141,534.6222,523.0639,524.1609,1679300
20150421,532.5080,537.9131,532.2138,536.0383,1844800
20150422,537.8882,539.5986,530.2941,532.9368,1593600
20150423,545.5023,549.4515,538.7509,539.5187,4184900
20150424,563.5129,569.5762,555.7242,564.5500,4932500
20150427,555.3700,565.9500,553.2000,563.3900,2398000
20150428,553.6800,556.0200,550.3660,554.6400,1491000
20150429,549.0800,553.6800,546.9050,550.4700,1698800
20150430,537.3400,548.5900,535.0500,547.8700,2082200
20150501,537.9000,539.5400,532.1000,538.4300,1768200
20150504,540.7800,544.0700,535.0600,538.5300,1308000
20150505,530.8000,539.7400,530.3910,538.2100,1383100
20150506,524.2200,532.3800,521.0850,531.2400,1567000
20150507,530.7000,533.4600,521.7500,523.9900,1546300
20150508,538.2200,541.1500,525.0000,536.6500,1527600
20150511,535.7000,541.9800,535.4000,538.3700,905300
20150512,529.0400,533.2090,525.2600,531.6000,1625400
20150513,529.6200,534.3220,528.6550,530.5600,1252300
20150514,538.4000,539.0000,532.4100,533.7700,1399100
20150515,533.8500,539.2740,530.3800,539.1800,1962700
20150518,532.3000,534.8200,528.8500,532.0100,1998600
20150519,537.3600,540.6600,533.0400,533.9800,1963300
20150520,539.2700,542.9200,532.9720,538.4900,1429100
20150521,542.5100,543.8400,535.9800,537.9500,1461400
20150522,540.1100,544.1900,539.5100,540.1500,1173300
20150526,532.3200,539.0000,529.8800,538.1200,2403400
20150527,539.7900,540.5500,531.7100,532.8000,1520400
20150528,539.7800,540.6100,536.2500,538.0100,1027900
20150529,532.1100,538.6300,531.4500,537.3700,2584900
